EAP,HPL,MWS,id
0.28741668391686126,0.0876221645431763,0.6249611515399631,id02310
0.7800926214132174,0.1289011839758955,0.09100619461088583,id24541
0.38907427382296333,0.5199280874452336,0.09099763873180608,id00134
0.547223644365317,0.3821720327496668,0.07060432288501724,id27757
0.7233828969525354,0.11123331061865817,0.1653837924288062,id04081
0.6177731398365819,0.26673085557013204,0.11549600459328789,id27337
0.6941148493070995,0.16582621250199675,0.14005893819090487,id24265
0.23936278001382555,0.1738842247820691,0.5867529952041027,id25917
0.8560923558943953,0.10482922645098591,0.03907841765461601,id04951
0.6808491529162498,0.10997467561898312,0.2091761714647653,id14549
0.256726485249258,0.23789294747260137,0.5053805672781386,id22505
0.14361907988388375,0.7911553251732318,0.06522559494288149,id24002
0.31625291585284715,0.2852869990216733,0.39846008512548137,id18982
0.21933487394310328,0.7008345570891454,0.07983056896774961,id15181
0.49055331456652423,0.22126168184880346,0.288185003584673,id21888
0.05287065597745514,0.015678728648406307,0.9314506153741379,id12035
0.42719388188754653,0.12310132679263432,0.4497047913198199,id17991
0.9528002347794642,0.019481625911118766,0.027718139309416925,id10707
0.3689688657705601,0.2087742528317478,0.42225688139769163,id07101
0.5247427889377216,0.3519961578456518,0.12326105321662967,id00345
0.7736329607068518,0.07823734626431511,0.14812969302883436,id05912
0.681168943293429,0.10935094047433468,0.2094801162322396,id13443
0.2963975805724843,0.2008774854854679,0.5027249339420465,id09248
0.259984737157139,0.5600817222517571,0.17993354059110234,id17542
0.27206237045967446,0.06641093897589895,0.6615266905644297,id06995
0.582998067714624,0.09644347397080652,0.32055845831457,id25159
0.6093531203104032,0.21111435009289806,0.1795325295966981,id25729
0.6866091859698891,0.16546292282535718,0.147927891204754,id26949
0.41681260729948566,0.05506056164724965,0.5281268310532636,id27191
0.39506734153055323,0.037939981758529195,0.5669926767109145,id07668
0.3303341504605271,0.16491875996530295,0.5047470895741695,id02230
0.8984991893289572,0.03515671511430778,0.06634409555673583,id15553
0.11168282980836203,0.7377148723843747,0.1506022978072641,id25688
0.7478496722972501,0.11378264347351523,0.1383676842292356,id17545
0.42171867538737706,0.31467481332999914,0.26360651128262197,id13929
0.5171748453041526,0.2575178682753461,0.225307286420498,id12880
0.5818443341813822,0.16546467398496809,0.25269099183364874,id19282
0.10835001454251669,0.04005277256735014,0.8515972128901345,id14690
0.21053321276770262,0.5768097857628532,0.2126570014694416,id17975
0.7307672181396458,0.04710164363046493,0.22213113822988922,id08037
0.28731888826540564,0.06167798612640342,0.6510031256081901,id15412
0.416682833399414,0.17178777161988013,0.4115293949807055,id25032
0.8806947236431572,0.05420661917201839,0.06509865718482342,id27165
0.5773883262339634,0.2872979107800707,0.13531376298596706,id03327
0.7118008727990881,0.1167052151691898,0.17149391203171918,id18515
0.3643478556181829,0.12550138289889828,0.5101507614829219,id21003
0.11474826564468618,0.5952699033617441,0.2899818309935698,id23855
0.6148991846660701,0.19614991824635752,0.1889508970875715,id20724
0.488510995658709,0.17959785446836768,0.3318911498729211,id13303
0.1321290140225837,0.306248958467616,0.5616220275097968,id16521
0.8716642613094717,0.07178344363419362,0.05655229505633159,id20775
0.8045934355983322,0.07642910277876962,0.11897746162289684,id13029
0.6293835850437732,0.2005937596414741,0.17002265531475133,id14660
0.11574909080621956,0.01633208099543316,0.8679188281983483,id11028
0.7538509102867432,0.14664909296570636,0.09949999674755255,id14180
0.9218952126247999,0.04687036934878185,0.03123441802641551,id25860
0.5099546028458976,0.052664700720165894,0.4373806964339377,id11910
0.2780909858345052,0.10076994311031744,0.621139071055179,id08065
0.25661409948902253,0.06892080192266806,0.6744650985883112,id22674
0.4850129972298386,0.06982965880519361,0.4451573439649659,id25018
0.28280536482388274,0.6191273591392157,0.09806727603690206,id10892
0.5481774458345817,0.3618865485368081,0.08993600562861162,id10217
0.2524211747043055,0.1566293170972226,0.590949508198472,id12996
0.640419063988678,0.11535708060454972,0.24422385540677255,id18262
0.18376496466099967,0.7052477204310681,0.11098731490793282,id08606
0.5771207572609349,0.12719422541157055,0.2956850173274939,id17233
0.6458046906410063,0.16512611028286034,0.18906919907613376,id00101
0.5879338755621925,0.23089025198066154,0.18117587245714503,id12225
0.35747552705933605,0.5311283781428309,0.11139609479783248,id01364
0.5971173545714155,0.058317695863384415,0.34456494956519956,id24973
0.5934990588637935,0.032580001924828815,0.373920939211378,id25363
0.5705820699460863,0.10456315510735856,0.32485477494655757,id10061
0.4616068928195394,0.31952706104607875,0.21886604613438093,id17673
0.38747409240493746,0.1634289857338163,0.44909692186124484,id13249
0.1704923923343771,0.04024812088249539,0.7892594867831269,id10107
0.8008560406050547,0.04997043495652949,0.14917352443841855,id04403
0.6252519031345414,0.138984267927776,0.23576382893768222,id25728
0.4624614113040676,0.1277437998289262,0.40979478886700477,id16184
0.13259985064643698,0.023715817498265266,0.8436843318552991,id03438
0.2648451020991886,0.6691787411169915,0.065976156783821,id22923
0.8369325822637433,0.05017827179090353,0.11288914594535458,id08610
0.24566906480945386,0.14575984306792392,0.6085710921226221,id25355
0.5840435156629847,0.2730257416494219,0.14293074268759234,id16916
0.38025584665360057,0.46502331800061514,0.15472083534578415,id12793
0.44766695355696207,0.1778836184315366,0.37444942801150255,id11859
0.9353709835924048,0.03284707878115568,0.03178193762643783,id02434
0.13702838598761805,0.029587276613643847,0.8333843373987408,id27703
0.37249582593321273,0.4715153361909089,0.1559888378758758,id25212
0.27719823558650075,0.17937990571782825,0.5434218586956702,id11308
0.7254056977029838,0.1519438604916973,0.12265044180531674,id26094
0.7175691802072331,0.23938907133008,0.04304174846268712,id22080
0.7902300879552003,0.1503527087565995,0.05941720328819665,id03545
0.18381396591003246,0.1426816674705611,0.6735043666194028,id23725
0.568839862682082,0.21691777824349995,0.2142423590744196,id12009
0.4506119308636136,0.21961242933396283,0.3297756398024236,id24241
0.3518068202442336,0.5217711370838802,0.12642204267188858,id03596
0.4145238365471904,0.35633602528848485,0.22914013816432616,id10749
0.130836389841186,0.09718340306098563,0.7719802070978291,id22794
0.5683133981033152,0.16186612949660337,0.2698204724000796,id15482
0.5528749436587932,0.27739344132505545,0.16973161501615144,id04833
0.3541523878155155,0.026247663357317645,0.619599948827169,id00397
0.2782462313911906,0.10951948913166809,0.6122342794771414,id14691
0.25942776725052213,0.046979834073737826,0.69359239867574,id05193
0.6060885718088374,0.16786919141769605,0.22604223677346327,id19541
0.08197484248862295,0.03543776631992058,0.8825873911914598,id22166
0.15983635570486818,0.041616101796474306,0.7985475424986562,id20744
0.14203660680947092,0.03557870986379602,0.822384683326734,id10392
0.6940155295834107,0.14471367555507833,0.1612707948615081,id00770
0.40821330501207614,0.4547954688102407,0.13699122617768353,id06018
0.34803746812315517,0.07805171633213953,0.5739108155447027,id15678
0.7367472485122902,0.18078115166956302,0.0824715998181479,id08305
0.3830054709047809,0.12591217304577038,0.4910823560494474,id08903
0.49271243135779585,0.3929756397587038,0.11431192888349771,id14752
0.3031531563793403,0.6156162846423189,0.08123055897834387,id12468
0.4929086253032107,0.3039243604871498,0.2031670142096395,id05085
0.3842117273892019,0.06536741648827274,0.5504208561225252,id21993
0.7515661074355015,0.17334653384776263,0.07508735871673573,id15503
0.10763200091033728,0.7901693293380447,0.1021986697516203,id03021
0.9398155187569542,0.03479096504251739,0.025393516200530236,id16123
0.8142490470839411,0.09032300951840577,0.09542794339765265,id19383
0.9249063707362954,0.02506923201126024,0.05002439725244582,id04186
0.1880610588104107,0.02737717004520376,0.7845617711443889,id17954
0.41450843488920575,0.03688533847461752,0.5486062266361772,id12030
0.5921843233594346,0.3239161574349103,0.0838995192056539,id13020
0.18337302835559233,0.43153152031030956,0.38509545133409634,id25327
0.27699550060065165,0.15721048299024068,0.5657940164091066,id16344
0.45067422255847284,0.3961832419071491,0.15314253553437943,id12303
0.7699770328631715,0.1465293969914751,0.08349357014535067,id15017
0.40766121674367745,0.15591397527402504,0.4364248079822992,id22308
0.19123678661938068,0.20915792602042763,0.5996052873601897,id06536
0.21800454898002047,0.6074710473871522,0.17452440363282745,id19797
0.43961848308887924,0.347160665978548,0.21322085093257612,id06332
0.4059495922815864,0.1748922516859248,0.4191581560324886,id22941
0.18231487302398616,0.16127567410571741,0.6564094528702988,id13547
0.12463924651980067,0.018306461561539242,0.8570542919186587,id06928
0.5433764705706621,0.3236350136172047,0.13298851581213347,id12521
0.6260802312173854,0.10444161854677636,0.26947815023583926,id25716
0.025498207611805473,0.0024990383267323897,0.972002754061463,id27116
0.2768723298419951,0.5511549035825297,0.17197276657547245,id19941
0.0834666624045689,0.036140087460182026,0.8803932501352498,id05711
0.09291659070171304,0.14955781181362057,0.7575255974846667,id02097
0.2622995532660532,0.6794097513224646,0.05829069541147882,id03563
0.33215190575104037,0.47434997009104396,0.19349812415791495,id02295
0.9302905112167836,0.03511359213034757,0.0345958966528627,id08179
0.17439395656658507,0.6729043940073316,0.15270164942608339,id05332
0.5542684279860207,0.16629383311001963,0.27943773890396095,id15697
0.25925050966605984,0.12523259712122123,0.6155168932127203,id17026
0.7044665568786742,0.13664952098265432,0.15888392213867494,id04243
0.9371271473629912,0.030335733197897997,0.03253711943910966,id13175
0.678691458523839,0.09199103362709944,0.22931750784905827,id05387
0.6010534038723867,0.1982729794929367,0.20067361663468028,id19989
0.4197959567092018,0.09716697073682413,0.48303707255397066,id25173
0.2955008354218603,0.613622740506923,0.09087642407121858,id08925
0.2057113964935851,0.580973396703297,0.2133152068031164,id03034
0.1280207453225725,0.7488918717163774,0.12308738296105036,id13272
0.7173330612853591,0.08012515933807206,0.20254177937656884,id07956
0.13725528022969644,0.05781950348994596,0.8049252162803557,id02648
0.3547717885616163,0.06718694987752882,0.5780412615608536,id01778
0.12275368589620564,0.02459649262696616,0.8526498214768311,id12846
0.44077790966897934,0.09367759552544148,0.46554449480558036,id19001
0.6036908580814411,0.15237440241099282,0.24393473950756686,id05763
0.09170913832309958,0.02277058523063345,0.8855202764462685,id15590
0.5662166638222447,0.17885584252830236,0.2549274936494516,id04912
0.7170003112431742,0.14785349779555404,0.1351461909612724,id21201
0.8387845456581066,0.04419358506308757,0.11702186927880576,id13215
0.3137836029618729,0.5332369557838522,0.15297944125427312,id15612
0.28111856529664814,0.16453151831127744,0.5543499163920714,id18501
0.4488138604134596,0.3410084715582075,0.21017766802833393,id07223
0.39729711019083985,0.313303971964885,0.2893989178442742,id06707
0.11438496717598368,0.8252883653400754,0.060326667483941276,id05238
0.213960037841351,0.17927866084755228,0.6067613013110974,id00935
0.5039517666116456,0.0835111649589577,0.41253706842939447,id00110
0.7626808110679694,0.11409160486489515,0.12322758406713821,id17476
0.8360752123438542,0.09056335650164643,0.07336143115449904,id15170
0.4409995742321181,0.14202122960743196,0.4169791961604476,id13397
0.5083101942801964,0.24292907470631156,0.24876073101348947,id24283
0.7282539453839366,0.18696106285006064,0.08478499176600204,id15234
0.5338399530023796,0.2885550281062962,0.17760501889132088,id16884
0.3908882696698041,0.3228370225682337,0.28627470776196245,id07831
0.7449426365355539,0.15077671165295978,0.10428065181148612,id16038
0.6925890866344053,0.117354439031186,0.1900564743344082,id03629
0.5489314228467249,0.29388331309235577,0.15718526406092034,id21019
0.410814518822961,0.2578465119312215,0.331338969245818,id21835
0.2172151252217552,0.7251663642529055,0.05761851052533688,id04480
0.5432883178194418,0.26385322911097403,0.192858453069581,id20838
0.3881277503800233,0.2758499128226381,0.33602233679734045,id24195
0.6168693407308963,0.24521936507626618,0.13791129419284062,id05448
0.20222253564781043,0.7083875993029668,0.08938986504922283,id15957
0.08946416430514731,0.009552211671522513,0.9009836240233299,id19956
0.18101858929266235,0.15207601338469368,0.6669053973226435,id15104
0.5012845323106411,0.2838199308022554,0.2148955368871034,id17559
0.4831879916560867,0.15874245132439752,0.3580695570195152,id16839
0.4938556381244365,0.070405582053098,0.43573877982246595,id14493
0.5722741688415378,0.11374503253937224,0.31398079861908734,id08833
0.2630600649727807,0.06111001706234103,0.6758299179648786,id15723
0.8759157510294399,0.05583313497500808,0.06825111399555141,id02716
0.22743224557423064,0.6463151411997837,0.12625261322598602,id06689
0.40797856394636883,0.16969862366291538,0.42232281239071423,id18837
0.7829465901615257,0.10812119016290575,0.10893221967557119,id04466
0.73511718939147,0.10237121437407992,0.16251159623445277,id00686
0.4046068577922287,0.48831526233279143,0.10707787987497958,id09010
0.7544499047797774,0.08694375739659005,0.1586063378236319,id23353
0.6219862651370027,0.24117657954988436,0.13683715531311222,id00066
0.26973037443673126,0.5522889290022838,0.17798069656098436,id15724
0.38667264468658863,0.07795161862582971,0.5353757366875811,id23486
0.24240641759717496,0.07991635460487767,0.6776772277979487,id22258
0.5836734454055756,0.18753072516473981,0.22879582942968352,id02292
0.4532290415873023,0.09374941461698923,0.45302154379571,id16356
0.7307989236486765,0.05924558702464959,0.20995548932667557,id00235
0.36028587368795134,0.07127442543260908,0.5684397008794378,id25522
0.3658142261417132,0.4659187549492561,0.16826701890903023,id04204
0.6007981088213709,0.12511804015808584,0.274083851020542,id22016
0.272837892041177,0.5434010731168549,0.1837610348419656,id06480
0.27556377851856734,0.03271792972196436,0.6917182917594669,id08718
0.2062401324614182,0.6891350477357582,0.10462481980282705,id05251
0.6236986911326596,0.15392537011023638,0.22237593875710443,id03359
0.25607589959354515,0.045011503734678354,0.698912596671775,id16117
0.13455523934346275,0.7930314639217545,0.07241329673478013,id17000
0.3405536736626113,0.5200260085774465,0.13942031775994335,id01730
0.5762019389441623,0.2647663182549555,0.15903174280087998,id00630
0.25172447048778607,0.060851493947231154,0.6874240355649828,id18175
0.6836713405148656,0.12034352364349238,0.19598513584164093,id00907
0.24060435936076113,0.6867306421853822,0.07266499845385532,id18251
0.46237772718911974,0.2520816175539341,0.2855406552569462,id25861
0.49106296039662667,0.26830563206865743,0.24063140753471465,id00398
0.8637828432690855,0.028347035757661565,0.1078701209732523,id27573
0.2367357869657359,0.4329559354391617,0.33030827759510173,id10022
0.2368694156357253,0.02208916478590868,0.7410414195783652,id15901
0.3230156702188922,0.12775374233244818,0.5492305874486598,id00451
0.36228294779256404,0.4828626262170238,0.15485442599041188,id23129
0.4227347919090945,0.31096085242014776,0.266304355670761,id26498
0.33687727583946003,0.34971046368463915,0.31341226047590004,id14741
0.34083033151063025,0.09511279053999584,0.5640568779493734,id18453
0.7375266340166748,0.12013877861421628,0.1423345873691105,id08309
0.8614180897405062,0.05037857461110265,0.08820333564838875,id00320
0.3725265174407987,0.11662140291316642,0.5108520796460361,id07688
0.22278959005886328,0.05317052574440901,0.7240398841967307,id01556
0.473802601545321,0.12174683193829315,0.40445056651638245,id00178
0.24453130426599126,0.2107093304141267,0.5447593653198817,id18902
0.464650589347547,0.3904521529454909,0.14489725770696246,id27002
0.9163953467144029,0.0540158879542196,0.029588765331379323,id21418
0.44713372505243587,0.22739948892263873,0.32546678602492524,id23018
0.4589871919789125,0.19022183981061108,0.3507909682104768,id07032
0.49141426851796843,0.1461531460248032,0.36243258545722595,id16195
0.25446970212483466,0.5162762612549483,0.22925403662021748,id11202
0.5644258682025876,0.1365279656946806,0.29904616610273244,id09578
0.6046211801188373,0.05695409732460014,0.3384247225565617,id26984
0.2627421588819219,0.6202964035623575,0.1169614375557183,id19856
0.4558239387309259,0.13798611285313803,0.40618994841593536,id12086
0.2177344450595347,0.11601503133221051,0.6662505236082555,id12052
0.20667901614155149,0.07617127856697241,0.7171497052914759,id17728
0.5743793713418315,0.1567492581798435,0.2688713704783234,id24608
0.42805938052979225,0.10742169656442188,0.4645189229057841,id21097
0.09306397501205636,0.030311824249004714,0.8766242007389377,id20179
0.48376481865459725,0.2551913658384136,0.26104381550699035,id15144
0.8266564291218295,0.0643882418165544,0.1089553290616178,id00206
0.12812204404910688,0.0431388724413106,0.8287390835095839,id22285
0.2743645303938805,0.3198004946545121,0.4058349749516055,id06417
0.2753206597908864,0.654461103594366,0.07021823661474692,id00215
0.3958300040269934,0.13180147270753814,0.47236852326546924,id04201
0.760301408566139,0.1367392010959531,0.10295939033790717,id21771
0.21943099548354772,0.39322137571245713,0.3873476288039949,id12451
0.2750825075572597,0.4459114436452322,0.27900604879750934,id14250
0.41116422547315495,0.3750539591417285,0.2137818153851145,id03433
0.26763130867310714,0.07212198559101285,0.6602467057358807,id03303
0.40853161059404697,0.2722878711467572,0.3191805182591954,id25901
0.668265597003248,0.1008584261060164,0.2308759768907326,id06945
0.5553068016621119,0.18110459707280635,0.2635886012650806,id05664
0.9348155175316971,0.019102785015529023,0.046081697452772734,id05741
0.5753498713685873,0.21117098342839516,0.2134791452030164,id10652
0.8088326082080869,0.07147523168054107,0.11969216011137003,id16300
0.5060389418556176,0.18394582247044086,0.3100152356739407,id12319
0.3377198554116496,0.6214543336245968,0.04082581096375051,id07500
0.35583172745480435,0.279461739269115,0.36470653327608193,id12478
0.23168551925675604,0.019917004117628156,0.748397476625619,id03076
0.4244157680811916,0.3788963245877971,0.196687907331011,id00969
0.16313082513469807,0.6978400422486161,0.13902913261668443,id23636
0.22397418544057268,0.15553552247691646,0.6204902920825109,id09791
0.3008621424467238,0.32613976522684834,0.3729980923264281,id05680
0.2891725049407923,0.3582419142244018,0.3525855808348089,id03672
0.2184610120118322,0.528584368658979,0.2529546193291884,id04286
0.15593066438314518,0.4055740275691678,0.4384953080476846,id23883
0.5663830371976527,0.06630984148000106,0.367307121322346,id11914
0.3447981607835579,0.5137512389372262,0.14145060027921644,id20974
0.3020450274772634,0.10210374057722654,0.5958512319455089,id26125
0.4046570286735776,0.06433061443020668,0.5310123568962181,id15543
0.8819387427539968,0.0362320894334937,0.08182916781251089,id19471
0.6706638935387406,0.19772405464236248,0.13161205181889588,id11503
0.21008360679002186,0.5067319296577295,0.28318446355225013,id09321
0.058436978433897654,0.04322751222507916,0.89833550934102,id25560
0.322457966644295,0.24438338310118987,0.43315865025451344,id06726
0.8344862045794053,0.03431066677424929,0.13120312864634326,id05709
0.3130033388534438,0.4030507313622589,0.28394592978429706,id09788
0.9103463410154727,0.055636483851704034,0.03401717513282002,id05289
0.20391588434001529,0.7097105839344104,0.08637353172557435,id11815
0.4843931572256165,0.17589938039739603,0.3397074623769865,id22422
0.6066058802814374,0.10055923197620589,0.29283488774235733,id25954
0.5192779186820363,0.2699043505307675,0.21081773078719593,id13601
0.6346112984815049,0.10044208129550128,0.26494662022299226,id05677
0.29724931250824815,0.6129397654967002,0.08981092199505077,id10498
0.4732234827063209,0.36923663313035365,0.15753988416332454,id02665
0.25106430390934237,0.3828985015663501,0.3660371945243089,id10114
0.6093124444419136,0.1987736210634734,0.19191393449461275,id26314
0.2823288803089731,0.24982400391156157,0.46784711577946436,id21240
0.8346311580301825,0.09344400920517078,0.07192483276464551,id15569
0.4007411121990762,0.16889896754916078,0.43035992025176295,id25928
0.3585937397647964,0.5384689310918868,0.10293732914331455,id22706
0.12337751757180519,0.6868470286451133,0.18977545378308114,id20877
0.6260061559837858,0.12918858113028373,0.24480526288592996,id04318
0.349333460517171,0.4043078614376693,0.24635867804516104,id18299
0.28902179480974977,0.032638832695265255,0.6783393724949853,id08126
0.5411835858718393,0.07583229745482689,0.3829841166733323,id14293
0.8580626890031459,0.0354196988661175,0.10651761213073946,id12759
0.588775872764084,0.14699313957796745,0.2642309876579479,id11983
0.41607228489942555,0.3537501308113901,0.23017758428918672,id05580
0.43168572225895846,0.3099937203739616,0.2583205573670807,id25846
0.478136180658007,0.11126286539733973,0.41060095394465346,id01939
0.23270607463337964,0.40332950148720775,0.36396442387941125,id26327
0.13619470826499616,0.026501165736394817,0.8373041259986062,id11068
0.666703626809371,0.10483002674263774,0.2284663464479884,id08404
0.6998417854612186,0.19871711475873854,0.10144109978004152,id27189
0.2454735919637558,0.5210093551241181,0.23351705291212735,id15119
0.7817289595755079,0.05362517358339291,0.16464586684109866,id26525
0.5524156716175525,0.2658435388846188,0.181740789497829,id03618
0.7966284305202098,0.10628065554590328,0.09709091393388465,id27220
0.13527330139524826,0.03127079383774323,0.8334559047670091,id18777
0.6624095217774356,0.15088179045083666,0.18670868777172714,id20213
0.7352114842975607,0.16064021067244308,0.10414830502999503,id20403
0.40274370309089436,0.1204762076048321,0.47678008930427307,id03777
0.4087669293420955,0.43252994847907617,0.15870312217882585,id10595
0.40404599731577506,0.09427290265565484,0.5016811000285718,id13816
0.23461876736932905,0.04122083214408527,0.7241604004865835,id05667
0.4606747550066539,0.145897377722772,0.3934278672705746,id24629
0.319801128032397,0.22534936360669647,0.4548495083609094,id20398
0.17980266255577837,0.05014123297820454,0.7700561044660189,id14108
0.14659981386619064,0.7791431347299701,0.07425705140383716,id06196
0.4284081967257023,0.3767946715725921,0.19479713170170815,id02800
0.13245446358547905,0.7819982399408992,0.08554729647362425,id18732
0.25802913822501394,0.5530919572399249,0.18887890453506395,id11915
0.6724165545517852,0.13010883542498913,0.19747461002322506,id09739
0.823931191320239,0.07486136290414148,0.10120744577562295,id24672
0.11556529131591005,0.05540529202560451,0.8290294166584822,id00414
0.7076829809518768,0.12265600721209843,0.16966101183602544,id16307
0.3219306199772505,0.14659718610570235,0.5314721939170456,id14043
0.017850207912900172,0.006429964901086266,0.9757198271860119,id00517
0.8203866577944178,0.13894053545607107,0.04067280674950907,id09744
0.7732742014315471,0.10994816850332347,0.11677763006512874,id19257
0.5630767370720804,0.29376348939944924,0.1431597735284686,id15437
0.2450853960542525,0.11451549271345998,0.6403991112322892,id16352
0.5104065218548449,0.1836186830568948,0.3059747950882589,id18849
0.04299710544816429,0.9211596934264019,0.03584320112543436,id19434
0.3344877850287966,0.1560400888918839,0.5094721260793191,id17928
0.30095606814833137,0.05849467636999033,0.6405492554816788,id16896
0.3471147839214504,0.29165892812626826,0.3612262879522828,id02135
0.7268179152301198,0.13063839864061944,0.14254368612925744,id15075
0.20664543304072103,0.6678730058513191,0.12548156110795644,id27486
0.7459244102921369,0.14812393818685066,0.10595165152101069,id19422
0.24312840141969796,0.527550501805497,0.2293210967748061,id09603
0.34467667753476994,0.4628227514325355,0.1925005710326941,id02133
0.5388649318136537,0.06933046676800643,0.39180460141834245,id03441
0.2647041070818163,0.6525370311997335,0.0827588617184515,id02398
0.42288241168076335,0.07493925544014624,0.5021783328790915,id05152
0.4097163631869797,0.1129997340913594,0.47728390272166044,id17838
0.7973306442154323,0.13134024913185396,0.07132910665271698,id25060
0.2793625059910385,0.15332913174682725,0.5673083622621331,id09998
0.21098790163160933,0.5505513166252756,0.2384607817431127,id01828
0.4762387354212551,0.16556821132715394,0.35819305325159134,id25377
0.38582910470872916,0.518178762956382,0.09599213233488829,id22175
0.3033183116101438,0.07872456401654661,0.6179571243733109,id02974
0.8790813006427293,0.09057001955188396,0.030348679805385304,id26955
0.6842345317361557,0.0848066091536221,0.23095885911022243,id21091
0.7763349479624668,0.12980888793967094,0.09385616409786421,id12802
0.09083067620999867,0.8292025538743907,0.0799667699156097,id07432
0.35903705120500073,0.3121717053978942,0.3287912433971057,id18749
0.1330989388385719,0.08100218076737505,0.7858988803940524,id15030
0.4392524974219547,0.4033532124953063,0.1573942900827358,id17155
0.1602869023508085,0.5691829536678467,0.27053014398134756,id08128
0.10114743090345134,0.664704991324261,0.2341475777722846,id25706
0.6892391627932819,0.1926876213688627,0.11807321583785554,id15645
0.705292099329827,0.14333873953363413,0.15136916113653592,id04943
0.3540020983032793,0.1241349376742729,0.5218629640224495,id27566
0.32313244756585985,0.27005255157535524,0.40681500085878264,id11765
0.4010161413668586,0.33355015839828855,0.2654337002348527,id13783
0.15116295032064334,0.06302372220131978,0.785813327478034,id00492
0.2843066133648647,0.10826575091743575,0.6074276357176981,id27636
0.6249976717345801,0.22113410600704111,0.15386822225837898,id04273
0.3476361237603023,0.17795470358390966,0.4744091726557882,id02537
0.6657249232936927,0.25824111173098846,0.07603396497531638,id24349
0.09365980473513758,0.7039040894807115,0.20243610578414906,id00023
0.6002963336681842,0.23766764346665803,0.1620360228651545,id23025
0.6647539055977941,0.11038458912081757,0.22486150528138843,id08722
0.8985368990086006,0.06332098451107288,0.038142116480327934,id02420
0.7383544157224613,0.07142317167018089,0.19022241260735734,id10811
0.2493661798726391,0.10988194431891139,0.6407518758084492,id04019
0.8829559358273898,0.07191192391810111,0.045132140254508894,id18334
0.4141762056533645,0.41444035753593,0.171383436810704,id16781
0.49921364394578255,0.3899821628626115,0.11080419319160584,id08773
0.6459492656525159,0.15354326298618134,0.20050747136130145,id19214
0.09066843817559503,0.6885724089413755,0.22075915288303108,id09589
0.7471599828201522,0.08406177850632464,0.1687782386735264,id24246
0.7266186075168144,0.2386143234090954,0.034767069074090204,id23577
0.6861929857902158,0.10745073287505487,0.20635628133472877,id09305
0.5596451911043823,0.13424612290032117,0.3061086859952961,id16460
0.6026018089161375,0.16055786930857446,0.23684032177528874,id21115
0.49612241338793484,0.14203254086034361,0.36184504575172033,id25996
0.14754408672637334,0.14789058921741144,0.7045653240562183,id02551
0.1588528174304356,0.016107256840754577,0.8250399257288095,id19352
0.2603452358234323,0.05573488769676755,0.6839198764798032,id03806
0.6929956892229513,0.07376421204624922,0.23324009873080065,id26544
0.7939069177864112,0.08196191966642903,0.12413116254716007,id18761
0.33246334454019266,0.5338170011095594,0.1337196543502476,id24148
0.24317803814261235,0.5659930589631362,0.19082890289425075,id16095
0.6202384414285826,0.14520056438649143,0.23456099418492501,id18442
0.044508787254482554,0.008544520606795173,0.9469466921387197,id22596
0.15940559897773107,0.10705795134851999,0.7335364496737484,id23002
0.8566184325114458,0.06051952723729883,0.08286204025125646,id04797
0.33837719781041786,0.059032889328358346,0.6025899128612247,id06610
0.35557285605642286,0.38669174670592477,0.2577353972376517,id16173
0.2898163913382864,0.13829365301117363,0.5718899556505411,id18292
0.8623820076919835,0.048665370870790745,0.0889526214372251,id27328
0.3651500895603201,0.49919035850788024,0.1356595519318021,id01695
0.5790425747312331,0.059279181434254855,0.3616782438345121,id05761
0.7699528222256583,0.06863323186115622,0.1614139459131852,id16354
0.24407732649333316,0.35259203026236924,0.4033306432442964,id12207
0.3747301496665963,0.07358283771461653,0.5516870126187858,id05665
0.703702389035167,0.1943593829289602,0.10193822803587423,id01911
0.227143143118852,0.056657603301610286,0.7161992535795366,id19153
0.5031259530891087,0.27606489316150695,0.22080915374938423,id10295
0.45147035580535416,0.3314239481987117,0.21710569599593452,id23038
0.4562782154670673,0.45249955052202867,0.0912222340109035,id23783
0.6975093442708009,0.21155602460963088,0.09093463111956564,id27879
0.15712033277738066,0.7940956675539125,0.04878399966870677,id19190
0.8018221734751009,0.09921484538157904,0.09896298114331925,id05065
0.24010459815341637,0.5425689815020157,0.21732642034457156,id21296
0.3289316758154178,0.23004015913495904,0.44102816504962367,id13262
0.717814928486723,0.10337511309755376,0.1788099584157246,id10333
0.32727173199238735,0.25392546204793665,0.4188028059596739,id16677
0.4533185724024271,0.09317757533207736,0.4535038522654961,id01392
0.5869022211040847,0.21987677368577582,0.19322100521013966,id27874
0.07414433650795015,0.7596918879242932,0.16616377556775724,id02294
0.16217342974741858,0.13206416909764956,0.7057624011549316,id18298
0.76294064549182,0.08999953096906252,0.14705982353911468,id06997
0.37918468426088714,0.24153934598795856,0.37927596975115324,id05243
0.27188223593627087,0.47984347342283157,0.24827429064089612,id00860
0.8406066354226586,0.10134352400067269,0.058049840576668586,id26681
0.11114795335275768,0.011173739029926135,0.8776783076173176,id06020
0.5238924780547557,0.213355938486985,0.2627515834582609,id27683
0.23892724023680756,0.6893553136840845,0.07171744607911103,id17655
0.28722458167704584,0.09861531376704752,0.6141601045559076,id08817
0.11419248262830065,0.12851933369072902,0.7572881836809704,id11512
0.38135287136933776,0.13363912482220305,0.48500800380846026,id00478
0.7075250831506367,0.1294045164261651,0.16307040042320134,id02116
0.738631809343168,0.1477658501546932,0.11360234050214049,id06746
0.4311500624680471,0.3798799064543589,0.1889700310775926,id03863
0.30974931726386223,0.4215546676420192,0.2686960150941218,id01802
0.6533475464972404,0.07464931312551389,0.272003140377244,id11682
0.21046012201581843,0.5941259187789756,0.1954139592052053,id04033
0.38476228921184813,0.3182189142493514,0.2970187965387991,id09286
0.8572938664220567,0.08656509849795783,0.056141035079986336,id12904
0.15382930259913297,0.06561068360520828,0.7805600137956584,id07420
0.06890273728896877,0.8654649681412631,0.06563229456976546,id22398
0.3426130902339845,0.09359915871666875,0.5637877510493479,id00424
0.7077529217599009,0.18007706412719132,0.11217001411290739,id20960
0.4971721541379592,0.282092800368613,0.22073504549342865,id10267
0.4810856813539703,0.049398776750272405,0.46951554189575423,id19330
0.14469411507330046,0.7449329070877038,0.11037297783899654,id00994
0.5680166794219097,0.20978820581909227,0.22219511475899645,id10785
0.13181679808991853,0.7456374966783514,0.1225457052317282,id00955
0.18691178456186403,0.7457401619205842,0.06734805351755407,id09757
0.24339852253200078,0.1469169630357535,0.6096845144322457,id10030
0.27646842021573254,0.19837745573265922,0.525154124051608,id22952
0.05947209209982156,0.07366147925236907,0.8668664286478073,id21955
0.44788654860782395,0.15554786383366864,0.3965655875585055,id07674
0.3457410043194097,0.5388562777461612,0.11540271793442905,id13760
0.8231123479808418,0.04711233113720572,0.12977532088195495,id18166
0.6681852349128301,0.26683412525397654,0.06498063983319159,id23498
0.7988182111592564,0.05849714122240038,0.14268464761834465,id05296
0.5725947312800639,0.20688974029134438,0.22051552842859543,id26709
0.7340689819069791,0.17941839568289494,0.08651262241012443,id02853
0.34133378008020504,0.21783725246323218,0.440828967456563,id06800
0.4931064940417246,0.26101270267549825,0.24588080328277612,id14758
0.7725937061572438,0.11278193500071418,0.11462435884204493,id12356
0.6298638271728153,0.16276308011384139,0.20737309271334425,id21492
0.5910745693847056,0.08159332906396495,0.3273321015513316,id27540
0.4670626083562004,0.2165276243374578,0.3164097673063394,id07376
0.6271809176274458,0.2428511457144234,0.12996793665813353,id15201
0.21518875831934603,0.5952990943093993,0.18951214737125563,id23388
0.36805318869364745,0.4244969900644557,0.2074498212418946,id13923
0.151371067936047,0.7250016842497793,0.12362724781417407,id00794
0.3992469106129491,0.19854819729303952,0.4022048920940089,id23910
0.14099879158661136,0.157363889560939,0.7016373188524515,id02556
0.2081529930701156,0.7067386060243366,0.08510840090555086,id22151
0.2039220798353577,0.5927829835928622,0.20329493657178174,id11698
0.45369921721421536,0.2066013914092718,0.3396993913765115,id11627
0.8922041060844886,0.04838627006382046,0.059409623851688666,id06340
0.732335640185397,0.11482555864446643,0.15283880117013593,id05123
0.188826070391856,0.047448160056261346,0.763725769551883,id26620
0.2323284656661996,0.225371165549007,0.5423003687847906,id04002
0.42142164402132853,0.2797294498711977,0.2988489061074753,id26554
0.32472827813848965,0.2580896113816555,0.4171821104798545,id18012
0.28713035524403424,0.10059984567311421,0.6122697990828522,id12964
0.19828041626947948,0.4314443428581491,0.37027524087237346,id18965
0.2700692356996446,0.05414668373324483,0.6757840805671109,id19082
0.1816254626715045,0.04121063978698434,0.7771638975415098,id26742
0.3966012761545242,0.4123443422281613,0.19105438161731486,id15442
0.5506888085910608,0.12782388012763773,0.32148731128130026,id16647
0.3695440878578783,0.1430315125466456,0.48742439959547756,id11544
0.40417427565850644,0.19205413825135187,0.40377158609014024,id20581
0.39861198443744805,0.3886213050053032,0.21276671055725052,id13192
0.362093733352571,0.18341018136798312,0.4544960852794482,id15814
0.3228075694556879,0.5565580226113046,0.12063440793300476,id26279
0.7931140285135647,0.08497320180833405,0.12191276967810039,id00240
0.8741597473429293,0.04644355011910019,0.07939670253796972,id22836
0.3001428205591081,0.3275168087163255,0.37234037072456466,id15085
0.4361306042436251,0.11192400328626564,0.45194539247010784,id17495
0.551468599239991,0.1398891220275202,0.3086422787324896,id26762
0.8484008285438034,0.019358007803729323,0.13224116365246624,id13685
0.22861266496547705,0.6938543816648844,0.07753295336964089,id16560
0.11516985249811683,0.7386048555135882,0.14622529198829562,id17184
0.9311158803346866,0.030267505381457675,0.038616614283854774,id21635
0.3371815083367246,0.4390146884566862,0.2238038032065898,id26751
0.7347571086845684,0.08748822320375918,0.17775466811167231,id12351
0.5744433799725163,0.2464201114275343,0.17913650859995037,id14872
0.7064966751049844,0.1715913286313677,0.12191199626364523,id18372
0.6734415694666241,0.15789782073474948,0.16866060979862724,id26851
0.5991083040902325,0.34996820903296344,0.050923486876804154,id22659
0.19491405881753524,0.02809732254918373,0.7769886186332776,id04102
0.22833287354418458,0.6330000441434421,0.13866708231237143,id02353
0.8380010362958403,0.09982815195225928,0.06217081175190174,id26721
0.5368338375322643,0.11290856705579135,0.35025759541194534,id11171
0.3638685694072719,0.45867723829695467,0.1774541922957739,id13562
0.6231440063024538,0.08120045976601432,0.29565553393153016,id26425
0.4929986375501033,0.11464716373538295,0.3923541987145136,id26394
0.4063023878530312,0.3911856295817444,0.20251198256522407,id22187
0.8947800115937602,0.03335714453028074,0.07186284387595779,id00422
0.159893844462849,0.8123706532356633,0.027735502301485193,id22667
0.5448762744813449,0.18656399281943326,0.26855973269922206,id00911
0.4979482490200677,0.049736042439739815,0.4523157085401956,id17291
0.3855661707189383,0.18118886141265234,0.43324496786840855,id01915
0.19229736436220105,0.08947331974959252,0.7182293158882074,id01434
0.5012173418808133,0.15453131188490885,0.34425134623427756,id01584
0.6497010892104645,0.11284109669623385,0.23745781409330358,id09266
0.13649917261525127,0.7899750312251811,0.07352579615956627,id17494
0.2863752209394837,0.3007609427999001,0.41286383626061546,id24919
0.3724816598558593,0.012015643382711936,0.6155026967614289,id21043
0.24406437754846488,0.6668365609155789,0.08909906153595805,id17796
0.4394315111932024,0.07304758106602334,0.48752090774077095,id02166
0.6951873339649292,0.05348185099156979,0.2513308150435016,id17503
0.34574907489631274,0.2465671831961168,0.4076837419075714,id21203
0.8921493873957038,0.0351159576442696,0.0727346549600294,id25626
0.901645253674142,0.0513188443596692,0.047035901966190265,id09836
0.22668942516217014,0.2165013227715269,0.5568092520663043,id24202
0.5357242919531295,0.13769066791882292,0.3265850401280482,id27260
0.1794037892196543,0.05284843057965075,0.7677477802006927,id23167
0.1820014937525013,0.7172901787760028,0.1007083274714946,id10393
0.7025641894035162,0.158337839721836,0.13909797087464987,id01171
0.7688031989967127,0.11660056503983629,0.11459623596345202,id06380
0.4419545520449466,0.06906911474313028,0.4889763332119259,id22686
0.37821206382418526,0.08715640028337907,0.5346315358924362,id26250
0.3657256300639658,0.3780843502236786,0.25619001971235505,id09315
0.28681295777583815,0.44574504555877004,0.267441996665391,id00886
0.648678740136743,0.17029014595945632,0.18103111390380244,id03101
0.4933343433439848,0.13714872276193094,0.36951693389408585,id12367
0.5940860436053564,0.09648293850108343,0.30943101789356114,id10770
0.2863751491066799,0.6507165299173775,0.06290832097594284,id14949
0.3778759040102559,0.5327113608384201,0.08941273515132409,id14141
0.530919903152806,0.3059086416597835,0.1631714551874114,id25417
0.5223030685291582,0.195455371125719,0.2822415603451223,id26873
0.3423673703729092,0.08260539037860172,0.575027239248489,id10818
0.6865525413825517,0.06949762026392804,0.2439498383535188,id15146
0.6571713579086975,0.16266808267136565,0.18016055941993608,id23328
0.43295231440250853,0.3098780739271312,0.25716961167036234,id16765
0.7461373528315743,0.04583098755477225,0.20803165961365594,id24383
0.6690136453599373,0.16529348256734513,0.1656928720727197,id21304
0.2807744036506314,0.5902704875492485,0.12895510880011712,id12551
0.30613280672646276,0.23077958840383422,0.46308760486970496,id23274
0.6294103669235603,0.11154141300739473,0.2590482200690434,id08117
0.731884536709627,0.0774601149566307,0.19065534833374456,id23961
0.24964653838787784,0.6362129566645494,0.11414050494757075,id13865
0.38987989260525524,0.12430157495518734,0.4858185324395586,id22807
0.24953945627796423,0.1003924138326561,0.6500681298893788,id08951
0.8884635881556894,0.05997662092057403,0.0515597909237369,id18684
0.3243185782335324,0.3101717822285902,0.36550963953787813,id25179
0.7267984818182485,0.06051578381870132,0.21268573436304908,id27033
0.29554201485917087,0.43096236016989836,0.27349562497093244,id13977
0.1381015931290364,0.5721117275586592,0.2897866793123011,id19337
0.4237471992334032,0.4566886978313963,0.11956410293519891,id25764
0.36614069832534907,0.20510086086694831,0.4287584408077009,id16106
0.24229609936986077,0.05543037937891125,0.7022735212512267,id05468
0.7139754206386464,0.055173907384965304,0.23085067197638856,id05241
0.4993148645601483,0.23774813557228144,0.2629369998675704,id10215
0.18125037890574128,0.173086343387126,0.6456632777071302,id23457
0.8682516687994464,0.07016463590235192,0.061583695298208445,id02200
